39
8 10 11 50 3
8 28 11 50 3
10 8 11 50 3
10 14 5 100 1
10 24 5 100 1
10 30 11 50 3
12 12 5 100 1
12 26 5 100 1
13 16 9 100 2
13 22 9 100 2
14 10 5 100 1
14 28 5 100 1
15 19 9 100 2
16 13 9 100 2
16 25 9 100 2
18 18 13 70 7
18 20 13 70 7
19 15 9 100 2
19 23 9 100 2
20 18 13 70 7
20 20 13 70 7
22 13 9 100 2
22 25 9 100 2
23 19 9 100 2
24 10 5 100 1
24 28 5 100 1
25 16 9 100 2
25 22 9 100 2
26 12 5 100 1
26 26 5 100 1
28 8 11 50 3
28 14 5 100 1
28 24 5 100 1
28 30 11 50 3
30 10 11 50 3
30 28 11 50 3
